skill,level,question_text,option_a,option_b,option_c,option_d,correct_answer,explanation,topic,mdn_link,youtube_english,youtube_hindi,youtube_kannada,youtube_tamil,youtube_telugu
Topic,Advanced,Question,Tag1,Tag2,Tag3,Tag4,Correct Option,Explanation,Category,Doc URL,Video Search EN,Video Search HI,Video Search KN,Video Search TA,Video Search TE
Linux,Advanced,What is the difference between cgroups v1 and v2 in Linux kernel resource management?,Kernel,cgroups,Resource Management,Containers,A,"cgroups v2 has unified hierarchy, enhanced delegation, pressure stall information; v1 has multiple independent hierarchies with limited delegation.",Resource Management,https://www.kernel.org/doc/html/latest/admin-guide/cgroup-v2.html,https://youtube.com/results?search_query=linux+cgroups+v1+vs+v2,https://youtube.com/results?search_query=linux+cgroups+v1+vs+v2+hindi,https://youtube.com/results?search_query=linux+cgroups+v1+vs+v2+kannada,https://youtube.com/results?search_query=linux+cgroups+v1+vs+v2+tamil,https://youtube.com/results?search_query=linux+cgroups+v1+vs+v2+telugu
Linux,Advanced,How does Linux namespaces provide process isolation for containers?,Kernel,Namespaces,Containers,Isolation,A,"Namespaces isolate global system resources (PID, network, mount, IPC, UTS, user, cgroup, time) allowing processes to have different views of the system.",Containers,https://man7.org/linux/man-pages/man7/namespaces.7.html,https://youtube.com/results?search_query=linux+namespaces+container+isolation,https://youtube.com/results?search_query=linux+namespaces+container+isolation+hindi,https://youtube.com/results?search_query=linux+namespaces+container+isolation+kannada,https://youtube.com/results?search_query=linux+namespaces+container+isolation+tamil,https://youtube.com/results?search_query=linux+namespaces+container+isolation+telugu
Linux,Advanced,What is the purpose of eBPF (Extended Berkeley Packet Filter) in the Linux kernel?,Kernel,eBPF,Tracing,Networking,A,"eBPF allows running sandboxed programs in kernel without modifying kernel source, enabling advanced networking, tracing, and security monitoring.",Kernel Extensions,https://ebpf.io/what-is-ebpf/,https://youtube.com/results?search_query=linux+ebpf+kernel+tracing,https://youtube.com/results?search_query=linux+ebpf+kernel+tracing+hindi,https://youtube.com/results?search_query=linux+ebpf+kernel+tracing+kannada,https://youtube.com/results?search_query=linux+ebpf+kernel+tracing+tamil,https://youtube.com/results?search_query=linux+ebpf+kernel+tracing+telugu
Linux,Advanced,How does the Linux kernel's OOM (Out Of Memory) killer select processes to terminate?,Kernel,OOM Killer,Memory Management,Process Termination,A,"OOM killer calculates badness score based on memory usage, CPU time, niceness, and user privileges, selecting highest-scoring process to kill.",Memory Management,https://www.kernel.org/doc/gorman/html/understand/understand016.html,https://youtube.com/results?search_query=linux+oom+killer+selection,https://youtube.com/results?search_query=linux+oom+killer+selection+hindi,https://youtube.com/results?search_query=linux+oom+killer+selection+kannada,https://youtube.com/results?search_query=linux+oom+killer+selection+tamil,https://youtube.com/results?search_query=linux+oom+killer+selection+telugu
Linux,Advanced,What is the difference between swapiness and vfs_cache_pressure in Linux memory management?,Kernel,Swappiness,vfs_cache_pressure,Memory,A,Swappiness (0-100) controls tendency to swap out anonymous memory; vfs_cache_pressure controls tendency to reclaim dentry/inode caches.,Memory Management,https://www.kernel.org/doc/html/latest/admin-guide/sysctl/vm.html,https://youtube.com/results?search_query=linux+swappiness+vs+vfs_cache_pressure,https://youtube.com/results?search_query=linux+swappiness+vs+vfs_cache_pressure+hindi,https://youtube.com/results?search_query=linux+swappiness+vs+vfs_cache_pressure+kannada,https://youtube.com/results?search_query=linux+swappiness+vs+vfs_cache_pressure+tamil,https://youtube.com/results?search_query=linux+swappiness+vs+vfs_cache_pressure+telugu
Linux,Advanced,How does Linux's transparent huge pages (THP) improve memory performance?,Kernel,THP,Memory Performance,Huge Pages,A,THP automatically promotes regular pages to huge pages (2MB/1GB) reducing TLB misses and page walk overhead for large memory allocations.,Memory Management,https://www.kernel.org/doc/html/latest/admin-guide/mm/transhuge.html,https://youtube.com/results?search_query=linux+transparent+huge+pages+performance,https://youtube.com/results?search_query=linux+transparent+huge+pages+performance+hindi,https://youtube.com/results?search_query=linux+transparent+huge+pages+performance+kannada,https://youtube.com/results?search_query=linux+transparent+huge+pages+performance+tamil,https://youtube.com/results?search_query=linux+transparent+huge+pages+performance+telugu
Linux,Advanced,What is the purpose of the Linux kernel's SLUB allocator and how does it differ from SLAB?,Kernel,SLUB Allocator,Memory Allocation,SLAB,A,"SLUB (Unqueued Allocator) is simpler, more scalable successor to SLAB with better debugging, reduced fragmentation, and per-CPU partial lists.",Memory Management,https://www.kernel.org/doc/html/latest/vm/slub.html,https://youtube.com/results?search_query=linux+slub+vs+slab+allocator,https://youtube.com/results?search_query=linux+slub+vs+slab+allocator+hindi,https://youtube.com/results?search_query=linux+slub+vs+slab+allocator+kannada,https://youtube.com/results?search_query=linux+slub+vs+slab+allocator+tamil,https://youtube.com/results?search_query=linux+slub+vs+slab+allocator+telugu
Linux,Advanced,How does the Linux kernel's Completely Fair Scheduler (CFS) implement fairness?,Kernel,CFS,Scheduler,Fairness,A,"CFS uses virtual runtime (vruntime) tracking, red-black tree for O(log n) scheduling, and aims to provide fair CPU time based on process weight.",Process Scheduling,https://www.kernel.org/doc/html/latest/scheduler/sched-design-CFS.html,https://youtube.com/results?search_query=linux+cfs+scheduler+fairness,https://youtube.com/results?search_query=linux+cfs+scheduler+fairness+hindi,https://youtube.com/results?search_query=linux+cfs+scheduler+fairness+kannada,https://youtube.com/results?search_query=linux+cfs+scheduler+fairness+tamil,https://youtube.com/results?search_query=linux+cfs+scheduler+fairness+telugu
Linux,Advanced,What is the difference between real-time scheduling policies SCHED_FIFO and SCHED_RR?,Kernel,Real-time Scheduling,SCHED_FIFO,SCHED_RR,A,SCHED_FIFO runs until voluntary yield or preemption by higher priority; SCHED_RR uses time quantum for round-robin within same priority.,Process Scheduling,https://man7.org/linux/man-pages/man7/sched.7.html,https://youtube.com/results?search_query=linux+sched_fifo+vs+sched_rr,https://youtube.com/results?search_query=linux+sched_fifo+vs+sched_rr+hindi,https://youtube.com/results?search_query=linux+sched_fifo+vs+sched_rr+kannada,https://youtube.com/results?search_query=linux+sched_fifo+vs+sched_rr+tamil,https://youtube.com/results?search_query=linux+sched_fifo+vs+sched_rr+telugu
Linux,Advanced,How does Linux's IO scheduling (CFQ,Deadline,Noop) optimize disk access?,Kernel,IO Schedulers,CFQ,"Deadline,A,CFQ provides fair queuing per process; Deadline ensures request deadlines; Noop simple FIFO for SSDs; different optimizations for different workloads.",IO Management,https://www.kernel.org/doc/html/latest/block/index.html,https://youtube.com/results?search_query=linux+io+schedulers+cfq+deadline,https://youtube.com/results?search_query=linux+io+schedulers+cfq+deadline+hindi,https://youtube.com/results?search_query=linux+io+schedulers+cfq+deadline+kannada,https://youtube.com/results?search_query=linux+io+schedulers+cfq+deadline+tamil,https://youtube.com/results?search_query=linux+io+schedulers+cfq+deadline+telugu
Linux,Advanced,What is the purpose of netfilter and iptables/nftables in Linux networking?,Networking,Netfilter,iptables,nftables,A,Netfilter is kernel framework for packet filtering; iptables is legacy userspace tool; nftables is modern replacement with unified syntax.,Networking,https://www.netfilter.org/,https://youtube.com/results?search_query=linux+netfilter+iptables+nftables,https://youtube.com/results?search_query=linux+netfilter+iptables+nftables+hindi,https://youtube.com/results?search_query=linux+netfilter+iptables+nftables+kannada,https://youtube.com/results?search_query=linux+netfilter+iptables+nftables+tamil,https://youtube.com/results?search_query=linux+netfilter+iptables+nftables+telugu
Linux,Advanced,How does Linux's Traffic Control (tc) implement Quality of Service (QoS)?,Networking,Traffic Control,QoS,tc,A,"tc uses qdiscs (queuing disciplines), classes, and filters to shape, schedule, and police network traffic with algorithms like HTB, CBQ, SFQ.",Networking,https://man7.org/linux/man-pages/man8/tc.8.html,https://youtube.com/results?search_query=linux+traffic+control+qos+tc,https://youtube.com/results?search_query=linux+traffic+control+qos+tc+hindi,https://youtube.com/results?search_query=linux+traffic+control+qos+tc+kannada,https://youtube.com/results?search_query=linux+traffic+control+qos+tc+tamil,https://youtube.com/results?search_query=linux+traffic+control+qos+tc+telugu
Linux,Advanced,What is the difference between bridge,bond,and team network interfaces in Linux?,Networking,Bridge,Bonding,"Teaming,A,Bridge connects network segments at layer 2; bond aggregates links for redundancy/load balancing; team is newer bond alternative with more features.",Networking,https://www.kernel.org/doc/Documentation/networking/,https://youtube.com/results?search_query=linux+bridge+bond+team+interfaces,https://youtube.com/results?search_query=linux+bridge+bond+team+interfaces+hindi,https://youtube.com/results?search_query=linux+bridge+bond+team+interfaces+kannada,https://youtube.com/results?search_query=linux+bridge+bond+team+interfaces+tamil,https://youtube.com/results?search_query=linux+bridge+bond+team+interfaces+telugu
Linux,Advanced,How does Linux's Network Namespace provide network isolation for containers?,Networking,Network Namespace,Containers,Isolation,A,"Network namespace provides isolated network stack: interfaces, routing tables, iptables rules, allowing containers their own network environment.",Containers,https://man7.org/linux/man-pages/man7/network_namespaces.7.html,https://youtube.com/results?search_query=linux+network+namespace+isolation,https://youtube.com/results?search_query=linux+network+namespace+isolation+hindi,https://youtube.com/results?search_query=linux+network+namespace+isolation+kannada,https://youtube.com/results?search_query=linux+network+namespace+isolation+tamil,https://youtube.com/results?search_query=linux+network+namespace+isolation+telugu
Linux,Advanced,What is the purpose of eBPF's XDP (Express Data Path) for high-performance networking?,Networking,eBPF,XDP,High Performance,A,"XDP allows eBPF programs to run at earliest possible point in network driver, enabling line-rate packet processing before kernel network stack.",Networking,https://www.kernel.org/doc/html/latest/networking/af_xdp.html,https://youtube.com/results?search_query=linux+ebpf+xdp+networking,https://youtube.com/results?search_query=linux+ebpf+xdp+networking+hindi,https://youtube.com/results?search_query=linux+ebpf+xdp+networking+kannada,https://youtube.com/results?search_query=linux+ebpf+xdp+networking+tamil,https://youtube.com/results?search_query=linux+ebpf+xdp+networking+telugu
Linux,Advanced,How does Linux's BPF compiler collection (BCC) simplify eBPF program development?,Tools,BCC,eBPF,Development,A,"BCC provides Python/Lua frontend, kernel instrumentation templates, and helper libraries for easier eBPF program development and deployment.",Development Tools,https://github.com/iovisor/bcc,https://youtube.com/results?search_query=linux+bcc+ebpf+development,https://youtube.com/results?search_query=linux+bcc+ebpf+development+hindi,https://youtube.com/results?search_query=linux+bcc+ebpf+development+kannada,https://youtube.com/results?search_query=linux+bcc+ebpf+development+tamil,https://youtube.com/results?search_query=linux+bcc+ebpf+development+telugu
Linux,Advanced,What is the difference between perf and ftrace for Linux kernel tracing?,Tools,perf,ftrace,Tracing,A,perf provides hardware performance counters and sampling; ftrace provides function tracing and event tracing with lower overhead.,Performance Analysis,https://www.kernel.org/doc/html/latest/trace/index.html,https://youtube.com/results?search_query=linux+perf+vs+ftrace+tracing,https://youtube.com/results?search_query=linux+perf+vs+ftrace+tracing+hindi,https://youtube.com/results?search_query=linux+perf+vs+ftrace+tracing+kannada,https://youtube.com/results?search_query=linux+perf+vs+ftrace+tracing+tamil,https://youtube.com/results?search_query=linux+perf+vs+ftrace+tracing+telugu
Linux,Advanced,How does SystemTap provide dynamic tracing for Linux systems?,Tools,SystemTap,Dynamic Tracing,Debugging,A,"SystemTap translates scripts to kernel modules, providing dynamic instrumentation without recompilation, similar to DTrace but for Linux.",Debugging Tools,https://sourceware.org/systemtap/,https://youtube.com/results?search_query=linux+systemtap+dynamic+tracing,https://youtube.com/results?search_query=linux+systemtap+dynamic+tracing+hindi,https://youtube.com/results?search_query=linux+systemtap+dynamic+tracing+kannada,https://youtube.com/results?search_query=linux+systemtap+dynamic+tracing+tamil,https://youtube.com/results?search_query=linux+systemtap+dynamic+tracing+telugu
Linux,Advanced,What is the purpose of LD_PRELOAD and how can it be used for library injection?,Security,LD_PRELOAD,Library Injection,Hooking,A,"LD_PRELOAD loads specified libraries before others, allowing function interposition, debugging, or security monitoring of library calls.",Security,https://man7.org/linux/man-pages/man8/ld.so.8.html,https://youtube.com/results?search_query=linux+ld_preload+library+injection,https://youtube.com/results?search_query=linux+ld_preload+library+injection+hindi,https://youtube.com/results?search_query=linux+ld_preload+library+injection+kannada,https://youtube.com/results?search_query=linux+ld_preload+library+injection+tamil,https://youtube.com/results?search_query=linux+ld_preload+library+injection+telugu
Linux,Advanced,How does Linux's SELinux implement mandatory access control (MAC)?,Security,SELinux,MAC,Security Contexts,A,"SELinux uses security contexts (user:role:type:level), policies defining allowed transitions, and enforcement of least privilege beyond discretionary controls.",Security,https://selinuxproject.org/page/Main_Page,https://youtube.com/results?search_query=linux+selinux+mac+security,https://youtube.com/results?search_query=linux+selinux+mac+security+hindi,https://youtube.com/results?search_query=linux+selinux+mac+security+kannada,https://youtube.com/results?search_query=linux+selinux+mac+security+tamil,https://youtube.com/results?search_query=linux+selinux+mac+security+telugu
Linux,Advanced,What is the difference between capabilities and setuid/setgid for privilege escalation?,Security,Capabilities,setuid,Privilege,A,Capabilities split root privileges into discrete units; setuid gives full root privileges; capabilities provide finer-grained privilege control.,Security,https://man7.org/linux/man-pages/man7/capabilities.7.html,https://youtube.com/results?search_query=linux+capabilities+vs+setuid,https://youtube.com/results?search_query=linux+capabilities+vs+setuid+hindi,https://youtube.com/results?search_query=linux+capabilities+vs+setuid+kannada,https://youtube.com/results?search_query=linux+capabilities+vs+setuid+tamil,https://youtube.com/results?search_query=linux+capabilities+vs+setuid+telugu
Linux,Advanced,How does Linux's seccomp filter restrict system calls for sandboxing?,Security,seccomp,Sandboxing,System Calls,A,"seccomp allows processes to restrict available system calls using BPF filters, creating secure sandboxes with minimal attack surface.",Security,https://www.kernel.org/doc/html/latest/userspace-api/seccomp_filter.html,https://youtube.com/results?search_query=linux+seccomp+sandboxing+system+calls,https://youtube.com/results?search_query=linux+seccomp+sandboxing+system+calls+hindi,https://youtube.com/results?search_query=linux+seccomp+sandboxing+system+calls+kannada,https://youtube.com/results?search_query=linux+seccomp+sandboxing+system+calls+tamil,https://youtube.com/results?search_query=linux+seccomp+sandboxing+system+calls+telugu
Linux,Advanced,What is the purpose of Linux's audit subsystem for security monitoring?,Security,Audit Subsystem,Logging,Compliance,A,"auditd provides comprehensive system call auditing, file access monitoring, and security event logging for compliance and intrusion detection.",Security,https://linux.die.net/man/8/auditd,https://youtube.com/results?search_query=linux+audit+subsystem+security,https://youtube.com/results?search_query=linux+audit+subsystem+security+hindi,https://youtube.com/results?search_query=linux+audit+subsystem+security+kannada,https://youtube.com/results?search_query=linux+audit+subsystem+security+tamil,https://youtube.com/results?search_query=linux+audit+subsystem+security+telugu
Linux,Advanced,How does Linux's AppArmor provide application confinement compared to SELinux?,Security,AppArmor,SELinux,Confinement,A,"AppArmor uses path-based profiles; SELinux uses type enforcement; AppArmor easier to configure, SELinux more flexible but complex.",Security,https://apparmor.net/,https://youtube.com/results?search_query=linux+apparmor+vs+selinux,https://youtube.com/results?search_query=linux+apparmor+vs+selinux+hindi,https://youtube.com/results?search_query=linux+apparmor+vs+selinux+kannada,https://youtube.com/results?search_query=linux+apparmor+vs+selinux+tamil,https://youtube.com/results?search_query=linux+apparmor+vs+selinux+telugu
Linux,Advanced,What is the difference between tmpfs,ramfs,and hugetlbfs virtual filesystems?,Filesystems,tmpfs,ramfs,"Hugetlbfs,A,tmpfs uses swap, size limited; ramfs grows until OOM, no swap; hugetlbfs for huge pages (2MB/1GB) bypassing page cache.",Filesystems,https://www.kernel.org/doc/Documentation/filesystems/tmpfs.txt,https://youtube.com/results?search_query=linux+tmpfs+ramfs+hugetlbfs,https://youtube.com/results?search_query=linux+tmpfs+ramfs+hugetlbfs+hindi,https://youtube.com/results?search_query=linux+tmpfs+ramfs+hugetlbfs+kannada,https://youtube.com/results?search_query=linux+tmpfs+ramfs+hugetlbfs+tamil,https://youtube.com/results?search_query=linux+tmpfs+ramfs+hugetlbfs+telugu
Linux,Advanced,How does Linux's OverlayFS enable container layered filesystems?,Filesystems,OverlayFS,Containers,Union FS,A,"OverlayFS stacks multiple directories: lower (read-only base), upper (writable changes), work (preparation), merged (final view).",Containers,https://www.kernel.org/doc/html/latest/filesystems/overlayfs.html,https://youtube.com/results?search_query=linux+overlayfs+container+layers,https://youtube.com/results?search_query=linux+overlayfs+container+layers+hindi,https://youtube.com/results?search_query=linux+overlayfs+container+layers+kannada,https://youtube.com/results?search_query=linux+overlayfs+container+layers+tamil,https://youtube.com/results?search_query=linux+overlayfs+container+layers+telugu
Linux,Advanced,What is the purpose of Linux's FUSE (Filesystem in Userspace)?,Filesystems,FUSE,Userspace,Filesystem,A,"FUSE allows implementing filesystems in userspace programs, enabling network filesystems, encrypted filesystems, and special-purpose storage.",Filesystems,https://github.com/libfuse/libfuse,https://youtube.com/results?search_query=linux+fuse+filesystem+userspace,https://youtube.com/results?search_query=linux+fuse+filesystem+userspace+hindi,https://youtube.com/results?search_query=linux+fuse+filesystem+userspace+kannada,https://youtube.com/results?search_query=linux+fuse+filesystem+userspace+tamil,https://youtube.com/results?search_query=linux+fuse+filesystem+userspace+telugu
Linux,Advanced,How does Linux's Btrfs differ from ext4 in features and design?,Filesystems,Btrfs,ext4,Comparison,A,"Btrfs has copy-on-write, snapshots, compression, checksums, RAID; ext4 is traditional journaling filesystem with better stability and performance.",Filesystems,https://btrfs.wiki.kernel.org/index.php/Main_Page,https://youtube.com/results?search_query=linux+btrfs+vs+ext4+comparison,https://youtube.com/results?search_query=linux+btrfs+vs+ext4+comparison+hindi,https://youtube.com/results?search_query=linux+btrfs+vs+ext4+comparison+kannada,https://youtube.com/results?search_query=linux+btrfs+vs+ext4+comparison+tamil,https://youtube.com/results?search_query=linux+btrfs+vs+ext4+comparison+telugu
Linux,Advanced,What is the difference between direct I/O and buffered I/O in Linux?,Filesystems,Direct IO,Buffered IO,Performance,A,"Direct I/O bypasses page cache, synchronous to disk; buffered I/O uses page cache, asynchronous; direct I/O for databases, buffered for general files.",IO Management,https://www.kernel.org/doc/html/latest/filesystems/direct-io.html,https://youtube.com/results?search_query=linux+direct+io+vs+buffered+io,https://youtube.com/results?search_query=linux+direct+io+vs+buffered+io+hindi,https://youtube.com/results?search_query=linux+direct+io+vs+buffered+io+kannada,https://youtube.com/results?search_query=linux+direct+io+vs+buffered+io+tamil,https://youtube.com/results?search_query=linux+direct+io+vs+buffered+io+telugu
Linux,Advanced,How does Linux's asynchronous I/O (AIO) improve concurrency for I/O operations?,IO Management,AIO,Concurrency,Performance,A,"AIO allows non-blocking I/O submission and completion notification, enabling parallel I/O operations without thread per operation overhead.",IO Management,https://man7.org/linux/man-pages/man7/aio.7.html,https://youtube.com/results?search_query=linux+aio+asynchronous+io,https://youtube.com/results?search_query=linux+aio+asynchronous+io+hindi,https://youtube.com/results?search_query=linux+aio+asynchronous+io+kannada,https://youtube.com/results?search_query=linux+aio+asynchronous+io+tamil,https://youtube.com/results?search_query=linux+aio+asynchronous+io+telugu
Linux,Advanced,What is the purpose of Linux's io_uring for high-performance asynchronous I/O?,IO Management,io_uring,Performance,Asynchronous,A,"io_uring provides efficient ring buffer interface for async I/O with single syscall for submission/completion, lower overhead than traditional AIO.",IO Management,https://kernel.dk/io_uring.pdf,https://youtube.com/results?search_query=linux+io_uring+performance,https://youtube.com/results?search_query=linux+io_uring+performance+hindi,https://youtube.com/results?search_query=linux+io_uring+performance+kannada,https://youtube.com/results?search_query=linux+io_uring+performance+tamil,https://youtube.com/results?search_query=linux+io_uring+performance+telugu
Linux,Advanced,How does Linux's memory-mapped I/O (mmap) optimize file access?,Memory Management,mmap,File Access,Optimization,A,"mmap maps files directly into process address space, enabling zero-copy I/O, shared memory between processes, and efficient random access.",Memory Management,https://man7.org/linux/man-pages/man2/mmap.2.html,https://youtube.com/results?search_query=linux+mmap+memory+mapped+io,https://youtube.com/results?search_query=linux+mmap+memory+mapped+io+hindi,https://youtube.com/results?search_query=linux+mmap+memory+mapped+io+kannada,https://youtube.com/results?search_query=linux+mmap+memory+mapped+io+tamil,https://youtube.com/results?search_query=linux+mmap+memory+mapped+io+telugu
Linux,Advanced,What is the difference between fork(),vfork(),and clone() system calls for process creation?,Process Management,fork,vfork,"clone,A,fork creates complete copy; vfork shares memory until exec; clone allows fine-grained control over shared resources (thread creation).",Process Management,https://man7.org/linux/man-pages/man2/clone.2.html,https://youtube.com/results?search_query=linux+fork+vfork+clone+difference,https://youtube.com/results?search_query=linux+fork+vfork+clone+difference+hindi,https://youtube.com/results?search_query=linux+fork+vfork+clone+difference+kannada,https://youtube.com/results?search_query=linux+fork+vfork+clone+difference+tamil,https://youtube.com/results?search_query=linux+fork+vfork+clone+difference+telugu
Linux,Advanced,How does Linux's copy-on-write (COW) optimize fork() performance?,Memory Management,COW,fork,Optimization,A,"COW delays copying of pages until modified, sharing pages between parent/child initially, reducing memory usage and fork latency.",Memory Management,https://www.kernel.org/doc/html/latest/mm/memory.html,https://youtube.com/results?search_query=linux+cow+copy+on+write+fork,https://youtube.com/results?search_query=linux+cow+copy+on+write+fork+hindi,https://youtube.com/results?search_query=linux+cow+copy+on+write+fork+kannada,https://youtube.com/results?search_query=linux+cow+copy+on+write+fork+tamil,https://youtube.com/results?search_query=linux+cow+copy+on+write+fork+telugu
Linux,Advanced,What is the purpose of Linux's process accounting (acct) for resource tracking?,Process Management,Process Accounting,Resource Tracking,acct,A,"acct records process termination statistics (CPU time, memory, IO) to /var/account/pacct for billing, auditing, and resource monitoring.",Monitoring,https://man7.org/linux/man-pages/man5/acct.5.html,https://youtube.com/results?search_query=linux+process+accounting+acct,https://youtube.com/results?search_query=linux+process+accounting+acct+hindi,https://youtube.com/results?search_query=linux+process+accounting+acct+kannada,https://youtube.com/results?search_query=linux+process+accounting+acct+tamil,https://youtube.com/results?search_query=linux+process+accounting+acct+telugu
Linux,Advanced,How does Linux's control groups (cgroups) enable container resource limits?,Resource Management,cgroups,Containers,Resource Limits,A,"cgroups limit, account, isolate resources (CPU, memory, IO, network) through hierarchical groups, enabling container resource constraints.",Containers,https://www.kernel.org/doc/html/latest/admin-guide/cgroup-v1/,https://youtube.com/results?search_query=linux+cgroups+container+resource+limits,https://youtube.com/results?search_query=linux+cgroups+container+resource+limits+hindi,https://youtube.com/results?search_query=linux+cgroups+container+resource+limits+kannada,https://youtube.com/results?search_query=linux+cgroups+container+resource+limits+tamil,https://youtube.com/results?search_query=linux+cgroups+container+resource+limits+telugu
Linux,Advanced,What is the difference between CPU pinning and CPU affinity in Linux?,Process Scheduling,CPU Pinning,CPU Affinity,Optimization,A,CPU pinning binds process to specific core; CPU affinity suggests preferred cores but allows migration; pinning prevents migration for latency-sensitive apps.,Performance Tuning,https://man7.org/linux/man-pages/man2/sched_setaffinity.2.html,https://youtube.com/results?search_query=linux+cpu+pinning+vs+affinity,https://youtube.com/results?search_query=linux+cpu+pinning+vs+affinity+hindi,https://youtube.com/results?search_query=linux+cpu+pinning+vs+affinity+kannada,https://youtube.com/results?search_query=linux+cpu+pinning+vs+affinity+tamil,https://youtube.com/results?search_query=linux+cpu+pinning+vs+affinity+telugu
Linux,Advanced,How does Linux's NUMA (Non-Uniform Memory Access) affect performance on multi-socket systems?,Memory Management,NUMA,Performance,Multi-socket,A,NUMA systems have memory local to each CPU socket; remote access has higher latency; proper NUMA policy improves performance by using local memory.,Performance Tuning,https://www.kernel.org/doc/html/latest/vm/numa.html,https://youtube.com/results?search_query=linux+numa+performance+multi+socket,https://youtube.com/results?search_query=linux+numa+performance+multi+socket+hindi,https://youtube.com/results?search_query=linux+numa+performance+multi+socket+kannada,https://youtube.com/results?search_query=linux+numa+performance+multi+socket+tamil,https://youtube.com/results?search_query=linux+numa+performance+multi+socket+telugu
Linux,Advanced,What is the purpose of Linux's huge pages and how do they improve performance?,Memory Management,Huge Pages,Performance,TLB,A,"Huge pages (2MB/1GB vs 4KB) reduce TLB misses and page walk overhead for large memory workloads (databases, scientific computing).",Performance Tuning,https://www.kernel.org/doc/html/latest/admin-guide/mm/hugetlbpage.html,https://youtube.com/results?search_query=linux+huge+pages+performance,https://youtube.com/results?search_query=linux+huge+pages+performance+hindi,https://youtube.com/results?search_query=linux+huge+pages+performance+kannada,https://youtube.com/results?search_query=linux+huge+pages+performance+tamil,https://youtube.com/results?search_query=linux+huge+pages+performance+telugu
Linux,Advanced,How does Linux's kernel same-page merging (KSM) reduce memory usage in virtualization?,Memory Management,KSM,Virtualization,Deduplication,A,"KSM scans memory for identical pages, merges them to single copy-on-write page, reducing memory usage for multiple VMs running similar OSes.",Virtualization,https://www.kernel.org/doc/html/latest/admin-guide/mm/ksm.html,https://youtube.com/results?search_query=linux+ksm+memory+deduplication,https://youtube.com/results?search_query=linux+ksm+memory+deduplication+hindi,https://youtube.com/results?search_query=linux+ksm+memory+deduplication+kannada,https://youtube.com/results?search_query=linux+ksm+memory+deduplication+tamil,https://youtube.com/results?search_query=linux+ksm+memory+deduplication+telugu
Linux,Advanced,What is the difference between block devices and character devices in Linux?,Device Management,Block Devices,Character Devices,Drivers,A,"Block devices (disks) support random access, buffering; character devices (terminals) stream data sequentially; different driver interfaces.",Device Drivers,https://www.kernel.org/doc/html/latest/driver-api/,https://youtube.com/results?search_query=linux+block+vs+character+devices,https://youtube.com/results?search_query=linux+block+vs+character+devices+hindi,https://youtube.com/results?search_query=linux+block+vs+character+devices+kannada,https://youtube.com/results?search_query=linux+block+vs+character+devices+tamil,https://youtube.com/results?search_query=linux+block+vs+character+devices+telugu
Linux,Advanced,How does Linux's udev dynamically manage device nodes in /dev?,Device Management,udev,Device Nodes,Dynamic,A,"udev creates/removes device nodes in /dev based on kernel uevents, applies rules for naming, permissions, and triggers actions on device changes.",Device Drivers,https://www.freedesktop.org/software/systemd/man/udev.html,https://youtube.com/results?search_query=linux+udev+device+management,https://youtube.com/results?search_query=linux+udev+device+management+hindi,https://youtube.com/results?search_query=linux+udev+device+management+kannada,https://youtube.com/results?search_query=linux+udev+device+management+tamil,https://youtube.com/results?search_query=linux+udev+device+management+telugu
Linux,Advanced,What is the purpose of Linux's Device Mapper for storage virtualization?,Storage,Device Mapper,Virtualization,LVM,A,"Device Mapper provides framework for mapping physical blocks to virtual devices, used by LVM, dm-crypt, dm-thinp, and software RAID.",Storage Management,https://www.kernel.org/doc/html/latest/admin-guide/device-mapper/,https://youtube.com/results?search_query=linux+device+mapper+storage,https://youtube.com/results?search_query=linux+device+mapper+storage+hindi,https://youtube.com/results?search_query=linux+device+mapper+storage+kannada,https://youtube.com/results?search_query=linux+device+mapper+storage+tamil,https://youtube.com/results?search_query=linux+device+mapper+storage+telugu
Linux,Advanced,How does Linux's LVM (Logical Volume Manager) provide storage abstraction?,Storage,LVM,Volume Management,Abstraction,A,"LVM creates abstraction layers: PV (physical volumes), VG (volume groups), LV (logical volumes) enabling resizing, snapshots, striping.",Storage Management,https://www.sourceware.org/lvm2/,https://youtube.com/results?search_query=linux+lvm+logical+volume+manager,https://youtube.com/results?search_query=linux+lvm+logical+volume+manager+hindi,https://youtube.com/results?search_query=linux+lvm+logical+volume+manager+kannada,https://youtube.com/results?search_query=linux+lvm+logical+volume+manager+tamil,https://youtube.com/results?search_query=linux+lvm+logical+volume+manager+telugu
Linux,Advanced,What is the difference between RAID 0,1,5,6,and 10 in Linux software RAID?,Storage,"RAID,Software RAID,Redundancy,A,RAID0: striping; RAID1: mirroring; RAID5: parity striping; RAID6: double parity; RAID10: mirroring+striping; different tradeoffs for performance/redundancy.",Storage Management,https://raid.wiki.kernel.org/index.php/Overview,https://youtube.com/results?search_query=linux+raid+levels+comparison,https://youtube.com/results?search_query=linux+raid+levels+comparison+hindi,https://youtube.com/results?search_query=linux+raid+levels+comparison+kannada,https://youtube.com/results?search_query=linux+raid+levels+comparison+tamil,https://youtube.com/results?search_query=linux+raid+levels+comparison+telugu
Linux,Advanced,How does Linux's dm-crypt provide disk encryption with LUKS?,Security,dm-crypt,LUKS,Disk Encryption,A,"dm-crypt is kernel disk encryption; LUKS provides standardized format with key management, multiple keyslots, and anti-forensic features.",Security,https://gitlab.com/cryptsetup/cryptsetup/-/wikis/DMCrypt,https://youtube.com/results?search_query=linux+dm-crypt+luks+encryption,https://youtube.com/results?search_query=linux+dm-crypt+luks+encryption+hindi,https://youtube.com/results?search_query=linux+dm-crypt+luks+encryption+kannada,https://youtube.com/results?search_query=linux+dm-crypt+luks+encryption+tamil,https://youtube.com/results?search_query=linux+dm-crypt+luks+encryption+telugu
Linux,Advanced,What is the purpose of Linux's netlink socket for kernel-userspace communication?,Networking,Netlink,Kernel Communication,Sockets,A,"Netlink provides bidirectional kernel-userspace communication for networking configuration, routing tables, and other kernel subsystems.",Networking,https://man7.org/linux/man-pages/man7/netlink.7.html,https://youtube.com/results?search_query=linux+netlink+socket+communication,https://youtube.com/results?search_query=linux+netlink+socket+communication+hindi,https://youtube.com/results?search_query=linux+netlink+socket+communication+kannada,https://youtube.com/results?search_query=linux+netlink+socket+communication+tamil,https://youtube.com/results?search_query=linux+netlink+socket+communication+telugu
Linux,Advanced,How does Linux's routing table work with multiple routing protocols?,Networking,Routing Table,Routing Protocols,IP Routing,A,"Linux maintains routing table with metrics, preferences; supports multiple protocols (BGP, OSPF via Quagga/FRR) with route selection based on administrative distance.",Networking,https://man7.org/linux/man-pages/man8/route.8.html,https://youtube.com/results?search_query=linux+routing+table+protocols,https://youtube.com/results?search_query=linux+routing+table+protocols+hindi,https://youtube.com/results?search_query=linux+routing+table+protocols+kannada,https://youtube.com/results?search_query=linux+routing+table+protocols+tamil,https://youtube.com/results?search_query=linux+routing+table+protocols+telugu
Linux,Advanced,What is the difference between iptables and nftables in Linux firewall configuration?,Networking,iptables,nftables,Firewall,A,"iptables uses separate tables/chains; nftables unified syntax, sets, maps, better performance; nftables is modern replacement with simpler rules.",Security,https://netfilter.org/projects/nftables/,https://youtube.com/results?search_query=linux+iptables+vs+nftables+firewall,https://youtube.com/results?search_query=linux+iptables+vs+nftables+firewall+hindi,https://youtube.com/results?search_query=linux+iptables+vs+nftables+firewall+kannada,https://youtube.com/results?search_query=linux+iptables+vs+nftables+firewall+tamil,https://youtube.com/results?search_query=linux+iptables+vs+nftables+firewall+telugu
Linux,Advanced,How does Linux's conntrack (connection tracking) work with stateful firewall rules?,Networking,conntrack,Stateful Firewall,Connection Tracking,A,"conntrack tracks connections (source, destination, state, timeout) enabling stateful firewall rules (ESTABLISHED, RELATED) without explicit per-flow rules.",Security,https://www.kernel.org/doc/html/latest/networking/nf_conntrack-sysctl.html,https://youtube.com/results?search_query=linux+conntrack+stateful+firewall,https://youtube.com/results?search_query=linux+conntrack+stateful+firewall+hindi,https://youtube.com/results?search_query=linux+conntrack+stateful+firewall+kannada,https://youtube.com/results?search_query=linux+conntrack+stateful+firewall+tamil,https://youtube.com/results?search_query=linux+conntrack+stateful+firewall+telugu
Linux,Advanced,What is the purpose of Linux's TC (Traffic Control) for network QoS and shaping?,Networking,Traffic Control,QoS,Shaping,A,"TC implements queuing disciplines (qdiscs), classes, filters for bandwidth limiting, traffic shaping, prioritization, and packet scheduling.",Networking,https://man7.org/linux/man-pages/man8/tc.8.html,https://youtube.com/results?search_query=linux+tc+traffic+control+qos,https://youtube.com/results?search_query=linux+tc+traffic+control+qos+hindi,https://youtube.com/results?search_query=linux+tc+traffic+control+qos+kannada,https://youtube.com/results?search_query=linux+tc+traffic+control+qos+tamil,https://youtube.com/results?search_query=linux+tc+traffic+control+qos+telugu
Linux,Advanced,How does Linux's netfilter hooks enable packet filtering and mangling?,Networking,Netfilter Hooks,Packet Filtering,Mangling,A,"Netfilter provides hook points in kernel network stack (PREROUTING, FORWARD, POSTROUTING) where packets can be filtered, mangled, or logged.",Networking,https://www.netfilter.org/documentation/HOWTO/netfilter-hacking-HOWTO.html,https://youtube.com/results?search_query=linux+netfilter+hooks+packet,https://youtube.com/results?search_query=linux+netfilter+hooks+packet+hindi,https://youtube.com/results?search_query=linux+netfilter+hooks+packet+kannada,https://youtube.com/results?search_query=linux+netfilter+hooks+packet+tamil,https://youtube.com/results?search_query=linux+netfilter+hooks+packet+telugu
Linux,Advanced,What is the difference between TUN and TAP virtual network devices in Linux?,Networking,TUN,TAP,Virtual Devices,A,"TUN operates at IP layer (layer 3); TAP operates at Ethernet layer (layer 2); TUN for routing, TAP for bridging and full Ethernet frames.",Virtualization,https://www.kernel.org/doc/html/latest/networking/tuntap.html,https://youtube.com/results?search_query=linux+tun+vs+tap+devices,https://youtube.com/results?search_query=linux+tun+vs+tap+devices+hindi,https://youtube.com/results?search_query=linux+tun+vs+tap+devices+kannada,https://youtube.com/results?search_query=linux+tun+vs+tap+devices+tamil,https://youtube.com/results?search_query=linux+tun+vs+tap+devices+telugu
Linux,Advanced,How does Linux's VXLAN provide network virtualization for overlays?,Networking,VXLAN,Network Virtualization,Overlay,A,"VXLAN encapsulates layer 2 Ethernet frames in UDP packets, creating virtual layer 2 networks over layer 3 infrastructure with 16M VNIs.",Virtualization,https://www.kernel.org/doc/html/latest/networking/vxlan.html,https://youtube.com/results?search_query=linux+vxlan+network+virtualization,https://youtube.com/results?search_query=linux+vxlan+network+virtualization+hindi,https://youtube.com/results?search_query=linux+vxlan+network+virtualization+kannada,https://youtube.com/results?search_query=linux+vxlan+network+virtualization+tamil,https://youtube.com/results?search_query=linux+vxlan+network+virtualization+telugu
Linux,Advanced,What is the purpose of Linux's WireGuard for modern VPN implementation?,Networking,WireGuard,VPN,Security,A,"WireGuard provides simple, fast, secure VPN using state-of-the-art cryptography (Noise protocol, Curve25519) with minimal configuration.",Security,https://www.wireguard.com/,https://youtube.com/results?search_query=linux+wireguard+vpn+modern,https://youtube.com/results?search_query=linux+wireguard+vpn+modern+hindi,https://youtube.com/results?search_query=linux+wireguard+vpn+modern+kannada,https://youtube.com/results?search_query=linux+wireguard+vpn+modern+tamil,https://youtube.com/results?search_query=linux+wireguard+vpn+modern+telugu
Linux,Advanced,How does Linux's BPF filter optimize packet filtering in the kernel?,Networking,BPF Filter,Packet Filtering,Optimization,A,"BPF (Berkeley Packet Filter) compiles filter programs to efficient machine code, enabling fast packet filtering in kernel without copying to userspace.",Networking,https://www.kernel.org/doc/html/latest/networking/filter.html,https://youtube.com/results?search_query=linux+bpf+packet+filtering,https://youtube.com/results?search_query=linux+bpf+packet+filtering+hindi,https://youtube.com/results?search_query=linux+bpf+packet+filtering+kannada,https://youtube.com/results?search_query=linux+bpf+packet+filtering+tamil,https://youtube.com/results?search_query=linux+bpf+packet+filtering+telugu
Linux,Advanced,What is the difference between systemd's cgroup v1 and v2 support?,System Management,systemd,cgroups,Resource Control,A,systemd uses cgroups for unit management: v1 supports legacy hierarchies; v2 uses unified hierarchy with different controller availability.,System Management,https://systemd.io/CGROUP_DELEGATION/,https://youtube.com/results?search_query=systemd+cgroups+v1+vs+v2,https://youtube.com/results?search_query=systemd+cgroups+v1+vs+v2+hindi,https://youtube.com/results?search_query=systemd+cgroups+v1+vs+v2+kannada,https://youtube.com/results?search_query=systemd+cgroups+v1+vs+v2+tamil,https://youtube.com/results?search_query=systemd+cgroups+v1+vs+v2+telugu
Linux,Advanced,How does systemd's journal provide centralized logging compared to syslog?,System Management,systemd-journald,Logging,Centralized,A,"journald provides structured, indexed logs with metadata, binary storage, forward-secure sealing, and integration with systemd units; syslog is text-based.",Logging,https://www.freedesktop.org/software/systemd/man/systemd-journald.service.html,https://youtube.com/results?search_query=systemd+journal+vs+syslog,https://youtube.com/results?search_query=systemd+journal+vs+syslog+hindi,https://youtube.com/results?search_query=systemd+journal+vs+syslog+kannada,https://youtube.com/results?search_query=systemd+journal+vs+syslog+tamil,https://youtube.com/results?search_query=systemd+journal+vs+syslog+telugu
Linux,Advanced,What is the purpose of systemd's networkd for network configuration?,System Management,systemd-networkd,Network Configuration,Automation,A,"systemd-networkd provides declarative network configuration via .network files, integration with systemd, and predictable network interface naming.",Networking,https://www.freedesktop.org/software/systemd/man/systemd-networkd.service.html,https://youtube.com/results?search_query=systemd+networkd+configuration,https://youtube.com/results?search_query=systemd+networkd+configuration+hindi,https://youtube.com/results?search_query=systemd+networkd+configuration+kannada,https://youtube.com/results?search_query=systemd+networkd+configuration+tamil,https://youtube.com/results?search_query=systemd+networkd+configuration+telugu
Linux,Advanced,How does systemd's resolved provide DNS resolution and caching?,System Management,systemd-resolved,DNS Resolution,Caching,A,"resolved provides DNS/DNSSEC resolution, caching, LLMNR/mDNS, and integration with networkd, using per-link DNS configuration.",Networking,https://www.freedesktop.org/software/systemd/man/systemd-resolved.service.html,https://youtube.com/results?search_query=systemd+resolved+dns+caching,https://youtube.com/results?search_query=systemd+resolved+dns+caching+hindi,https://youtube.com/results?search_query=systemd+resolved+dns+caching+kannada,https://youtube.com/results?search_query=systemd+resolved+dns+caching+tamil,https://youtube.com/results?search_query=systemd+resolved+dns+caching+telugu
Linux,Advanced,What is the difference between systemd's transient and static units?,System Management,systemd,Transient Units,Static Units,A,"Static units defined in files; transient units created dynamically via API (systemd-run, D-Bus), exist only in memory until reboot.",System Management,https://www.freedesktop.org/software/systemd/man/systemd.unit.html,https://youtube.com/results?search_query=systemd+transient+vs+static+units,https://youtube.com/results?search_query=systemd+transient+vs+static+units+hindi,https://youtube.com/results?search_query=systemd+transient+vs+static+units+kannada,https://youtube.com/results?search_query=systemd+transient+vs+static+units+tamil,https://youtube.com/results?search_query=systemd+transient+vs+static+units+telugu
Linux,Advanced,How does Linux's PAM (Pluggable Authentication Modules) provide flexible authentication?,Security,PAM,Authentication,Modules,A,"PAM provides stackable authentication modules (auth, account, password, session) allowing flexible authentication policies without application changes.",Security,https://man7.org/linux/man-pages/man8/pam.8.html,https://youtube.com/results?search_query=linux+pam+authentication+modules,https://youtube.com/results?search_query=linux+pam+authentication+modules+hindi,https://youtube.com/results?search_query=linux+pam+authentication+modules+kannada,https://youtube.com/results?search_query=linux+pam+authentication+modules+tamil,https://youtube.com/results?search_query=linux+pam+authentication+modules+telugu
Linux,Advanced,What is the purpose of Linux's NSS (Name Service Switch) for name resolution?,System Management,NSS,Name Resolution,Switch,A,"NSS provides modular framework for name resolution (users, groups, hosts) via /etc/nsswitch.conf, supporting files, DNS, LDAP, etc.",System Management,https://man7.org/linux/man-pages/man5/nsswitch.conf.5.html,https://youtube.com/results?search_query=linux+nss+name+service+switch,https://youtube.com/results?search_query=linux+nss+name+service+switch+hindi,https://youtube.com/results?search_query=linux+nss+name+service+switch+kannada,https://youtube.com/results?search_query=linux+nss+name+service+switch+tamil,https://youtube.com/results?search_query=linux+nss+name+service+switch+telugu
Linux,Advanced,How does Linux's inotify provide filesystem event notification to applications?,Filesystems,inotify,File Events,Notification,A,"inotify allows applications to monitor filesystem events (create, modify, delete) via kernel notifications, enabling efficient file synchronization.",Filesystems,https://man7.org/linux/man-pages/man7/inotify.7.html,https://youtube.com/results?search_query=linux+inotify+filesystem+events,https://youtube.com/results?search_query=linux+inotify+filesystem+events+hindi,https://youtube.com/results?search_query=linux+inotify+filesystem+events+kannada,https://youtube.com/results?search_query=linux+inotify+filesystem+events+tamil,https://youtube.com/results?search_query=linux+inotify+filesystem+events+telugu
Linux,Advanced,What is the difference between fanotify and inotify for filesystem monitoring?,Filesystems,fanotify,inotify,Monitoring,A,"inotify provides file-level events; fanotify provides more control (allow/deny access), mount-level monitoring, and performance improvements.",Security,https://man7.org/linux/man-pages/man7/fanotify.7.html,https://youtube.com/results?search_query=linux+fanotify+vs+inotify,https://youtube.com/results?search_query=linux+fanotify+vs+inotify+hindi,https://youtube.com/results?search_query=linux+fanotify+vs+inotify+kannada,https://youtube.com/results?search_query=linux+fanotify+vs+inotify+tamil,https://youtube.com/results?search_query=linux+fanotify+vs+inotify+telugu
Linux,Advanced,How does Linux's epoll provide scalable I/O event notification?,IO Management,epoll,Scalable IO,Event Notification,A,"epoll provides O(1) event notification for large numbers of file descriptors, using edge-triggered or level-triggered modes, more efficient than select/poll.",Networking,https://man7.org/linux/man-pages/man7/epoll.7.html,https://youtube.com/results?search_query=linux+epoll+scalable+io,https://youtube.com/results?search_query=linux+epoll+scalable+io+hindi,https://youtube.com/results?search_query=linux+epoll+scalable+io+kannada,https://youtube.com/results?search_query=linux+epoll+scalable+io+tamil,https://youtube.com/results?search_query=linux+epoll+scalable+io+telugu
Linux,Advanced,What is the purpose of Linux's timerfd for time-based event notifications?,Time Management,timerfd,Timers,Event Notification,A,"timerfd creates file descriptors for timer events, integrable with epoll/select, providing precise timer notifications without signal handling complexities.",System Programming,https://man7.org/linux/man-pages/man2/timerfd_create.2.html,https://youtube.com/results?search_query=linux+timerfd+time+events,https://youtube.com/results?search_query=linux+timerfd+time+events+hindi,https://youtube.com/results?search_query=linux+timerfd+time+events+kannada,https://youtube.com/results?search_query=linux+timerfd+time+events+tamil,https://youtube.com/results?search_query=linux+timerfd+time+events+telugu
Linux,Advanced,How does Linux's signalfd simplify signal handling in applications?,Process Management,signalfd,Signal Handling,Simplification,A,"signalfd converts signals to file descriptor readable events, allowing signal handling via select/poll/epoll instead of asynchronous signal handlers.",System Programming,https://man7.org/linux/man-pages/man2/signalfd.2.html,https://youtube.com/results?search_query=linux+signalfd+signal+handling,https://youtube.com/results?search_query=linux+signalfd+signal+handling+hindi,https://youtube.com/results?search_query=linux+signalfd+signal+handling+kannada,https://youtube.com/results?search_query=linux+signalfd+signal+handling+tamil,https://youtube.com/results?search_query=linux+signalfd+signal+handling+telugu
Linux,Advanced,What is the difference between O_DIRECT and O_SYNC flags for file I/O?,Filesystems,O_DIRECT,O_SYNC,File IO,A,O_DIRECT bypasses page cache; O_SYNC ensures data+metadata written to disk before write() returns; different performance/reliability tradeoffs.,IO Management,https://man7.org/linux/man-pages/man2/open.2.html,https://youtube.com/results?search_query=linux+o_direct+vs+o_sync,https://youtube.com/results?search_query=linux+o_direct+vs+o_sync+hindi,https://youtube.com/results?search_query=linux+o_direct+vs+o_sync+kannada,https://youtube.com/results?search_query=linux+o_direct+vs+o_sync+tamil,https://youtube.com/results?search_query=linux+o_direct+vs+o_sync+telugu
Linux,Advanced,How does Linux's sendfile() optimize file-to-socket data transfers?,Networking,sendfile,Zero-copy,Optimization,A,"sendfile() copies data directly from file to socket within kernel, avoiding user-space copies (zero-copy), improving performance for static file serving.",Performance,https://man7.org/linux/man-pages/man2/sendfile.2.html,https://youtube.com/results?search_query=linux+sendfile+zero+copy,https://youtube.com/results?search_query=linux+sendfile+zero+copy+hindi,https://youtube.com/results?search_query=linux+sendfile+zero+copy+kannada,https://youtube.com/results?search_query=linux+sendfile+zero+copy+tamil,https://youtube.com/results?search_query=linux+sendfile+zero+copy+telugu
Linux,Advanced,What is the purpose of Linux's splice() for zero-copy data transfer between file descriptors?,IO Management,splice,Zero-copy,Data Transfer,A,"splice() moves data between file descriptors without copying to userspace, using pipe buffer as intermediate, efficient for proxy/forwarding applications.",Performance,https://man7.org/linux/man-pages/man2/splice.2.html,https://youtube.com/results?search_query=linux+splice+zero+copy,https://youtube.com/results?search_query=linux+splice+zero+copy+hindi,https://youtube.com/results?search_query=linux+splice+zero+copy+kannada,https://youtube.com/results?search_query=linux+splice+zero+copy+tamil,https://youtube.com/results?search_query=linux+splice+zero+copy+telugu
Linux,Advanced,How does Linux's tee() split data streams without copying?,IO Management,tee,Stream Splitting,Zero-copy,A,"tee() duplicates pipe data to second pipe without copying to userspace, enabling data branching for logging/monitoring while maintaining performance.",Performance,https://man7.org/linux/man-pages/man2/tee.2.html,https://youtube.com/results?search_query=linux+tee+zero+copy+splitting,https://youtube.com/results?search_query=linux+tee+zero+copy+splitting+hindi,https://youtube.com/results?search_query=linux+tee+zero+copy+splitting+kannada,https://youtube.com/results?search_query=linux+tee+zero+copy+splitting+tamil,https://youtube.com/results?search_query=linux+tee+zero+copy+splitting+telugu
Linux,Advanced,What is the difference between process virtual memory and kernel virtual memory?,Memory Management,Process Memory,Kernel Memory,Virtual Memory,A,Process virtual memory includes user space (0-TASK_SIZE); kernel virtual memory includes kernel space and direct mapping of physical memory.,Memory Management,https://www.kernel.org/doc/html/latest/mm/memory.html,https://youtube.com/results?search_query=linux+process+vs+kernel+virtual+memory,https://youtube.com/results?search_query=linux+process+vs+kernel+virtual+memory+hindi,https://youtube.com/results?search_query=linux+process+vs+kernel+virtual+memory+kannada,https://youtube.com/results?search_query=linux+process+vs+kernel+virtual+memory+tamil,https://youtube.com/results?search_query=linux+process+vs+kernel+virtual+memory+telugu
Linux,Advanced,How does Linux's KASLR (Kernel Address Space Layout Randomization) improve security?,Security,KASLR,ASLR,Kernel Security,A,"KASLR randomizes kernel code and data addresses at boot, making kernel exploitation harder by preventing attackers from knowing address locations.",Security,https://www.kernel.org/doc/html/latest/security/self-protection.html,https://youtube.com/results?search_query=linux+kaslr+kernel+security,https://youtube.com/results?search_query=linux+kaslr+kernel+security+hindi,https://youtube.com/results?search_query=linux+kaslr+kernel+security+kannada,https://youtube.com/results?search_query=linux+kaslr+kernel+security+tamil,https://youtube.com/results?search_query=linux+kaslr+kernel+security+telugu
Linux,Advanced,What is the purpose of Linux's SMAP/SMEP for CPU-based security features?,Security,SMAP,SMEP,CPU Security,A,SMAP (Supervisor Mode Access Prevention) prevents kernel accessing user memory; SMEP (Supervisor Mode Execution Prevention) prevents kernel executing user code.,Security,https://www.kernel.org/doc/html/latest/x86/smap.html,https://youtube.com/results?search_query=linux+smap+smep+security,https://youtube.com/results?search_query=linux+smap+smep+security+hindi,https://youtube.com/results?search_query=linux+smap+smep+security+kannada,https://youtube.com/results?search_query=linux+smap+smep+security+tamil,https://youtube.com/results?search_query=linux+smap+smep+security+telugu
Linux,Advanced,How does Linux's Control Flow Integrity (CFI) protect against code reuse attacks?,Security,CFI,Control Flow,Protection,A,"CFI validates indirect control flow transfers (function pointers, returns) ensuring they target valid locations, preventing ROP/JOP attacks.",Security,https://www.kernel.org/doc/html/latest/security/cfi.html,https://youtube.com/results?search_query=linux+cfi+control+flow+integrity,https://youtube.com/results?search_query=linux+cfi+control+flow+integrity+hindi,https://youtube.com/results?search_query=linux+cfi+control+flow+integrity+kannada,https://youtube.com/results?search_query=linux+cfi+control+flow+integrity+tamil,https://youtube.com/results?search_query=linux+cfi+control+flow+integrity+telugu
Linux,Advanced,What is the difference between static and dynamic linking in Linux binaries?,Development,Static Linking,Dynamic Linking,Binaries,A,"Static linking includes libraries in executable; dynamic linking loads shared libraries at runtime, reducing size, enabling updates, and sharing memory.",Development,https://man7.org/linux/man-pages/man1/ld.1.html,https://youtube.com/results?search_query=linux+static+vs+dynamic+linking,https://youtube.com/results?search_query=linux+static+vs+dynamic+linking+hindi,https://youtube.com/results?search_query=linux+static+vs+dynamic+linking+kannada,https://youtube.com/results?search_query=linux+static+vs+dynamic+linking+tamil,https://youtube.com/results?search_query=linux+static+vs+dynamic+linking+telugu
Linux,Advanced,How does Linux's ELF (Executable and Linkable Format) organize binary files?,Development,ELF,Binary Format,Executables,A,"ELF contains sections (.text, .data, .bss) for linking and segments for execution, with program headers for loading and section headers for debugging.",Development,https://man7.org/linux/man-pages/man5/elf.5.html,https://youtube.com/results?search_query=linux+elf+executable+format,https://youtube.com/results?search_query=linux+elf+executable+format+hindi,https://youtube.com/results?search_query=linux+elf+executable+format+kannada,https://youtube.com/results?search_query=linux+elf+executable+format+tamil,https://youtube.com/results?search_query=linux+elf+executable+format+telugu
Linux,Advanced,What is the purpose of Linux's core dump analysis for debugging crashes?,Debugging,Core Dumps,Crash Analysis,Debugging,A,"Core dumps capture process memory state at crash; gdb analyzes them to identify faulting instruction, stack trace, and variable values.",Debugging,https://man7.org/linux/man-pages/man5/core.5.html,https://youtube.com/results?search_query=linux+core+dump+analysis+debugging,https://youtube.com/results?search_query=linux+core+dump+analysis+debugging+hindi,https://youtube.com/results?search_query=linux+core+dump+analysis+debugging+kannada,https://youtube.com/results?search_query=linux+core+dump+analysis+debugging+tamil,https://youtube.com/results?search_query=linux+core+dump+analysis+debugging+telugu
Linux,Advanced,How does Linux's ptrace provide process tracing and debugging capabilities?,Debugging,ptrace,Process Tracing,Debugging,A,"ptrace allows one process to observe/control another: read/write memory/registers, single-step, intercept signals, used by debuggers (gdb, strace).",Debugging,https://man7.org/linux/man-pages/man2/ptrace.2.html,https://youtube.com/results?search_query=linux+ptrace+process+tracing,https://youtube.com/results?search_query=linux+ptrace+process+tracing+hindi,https://youtube.com/results?search_query=linux+ptrace+process+tracing+kannada,https://youtube.com/results?search_query=linux+ptrace+process+tracing+tamil,https://youtube.com/results?search_query=linux+ptrace+process+tracing+telugu
Linux,Advanced,What is the difference between strace and ltrace for system call tracing?,Tools,strace,ltrace,System Calls,A,strace traces system calls and signals; ltrace traces library calls; different focus (kernel vs userspace) but similar debugging purposes.,Debugging Tools,https://man7.org/linux/man-pages/man1/strace.1.html,https://youtube.com/results?search_query=linux+strace+vs+ltrace,https://youtube.com/results?search_query=linux+strace+vs+ltrace+hindi,https://youtube.com/results?search_query=linux+strace+vs+ltrace+kannada,https://youtube.com/results?search_query=linux+strace+vs+ltrace+tamil,https://youtube.com/results?search_query=linux+strace+vs+ltrace+telugu
Linux,Advanced,How does Linux's perf provide hardware performance counter monitoring?,Tools,perf,Performance Counters,Hardware,A,"perf uses CPU performance monitoring units (PMU) to count events (cycles, cache misses, branch misses) for profiling and bottleneck analysis.",Performance Analysis,https://perf.wiki.kernel.org/index.php/Main_Page,https://youtube.com/results?search_query=linux+perf+performance+counters,https://youtube.com/results?search_query=linux+perf+performance+counters+hindi,https://youtube.com/results?search_query=linux+perf+performance+counters+kannada,https://youtube.com/results?search_query=linux+perf+performance+counters+tamil,https://youtube.com/results?search_query=linux+perf+performance+counters+telugu
Linux,Advanced,What is the purpose of Linux's BPF Compiler Collection (BCC) for eBPF tools?,Tools,BCC,eBPF,Toolkit,A,"BCC provides tools and libraries for eBPF program development, including pre-written tools for tracing, monitoring, and network analysis.",Development Tools,https://github.com/iovisor/bcc,https://youtube.com/results?search_query=linux+bcc+ebpf+tools,https://youtube.com/results?search_query=linux+bcc+ebpf+tools+hindi,https://youtube.com/results?search_query=linux+bcc+ebpf+tools+kannada,https://youtube.com/results?search_query=linux+bcc+ebpf+tools+tamil,https://youtube.com/results?search_query=linux+bcc+ebpf+tools+telugu
Linux,Advanced,How does Linux's sysdig provide system-level visibility and troubleshooting?,Tools,sysdig,System Visibility,Troubleshooting,A,"sysdig captures system calls and events with filtering, scripting (chisels), and container awareness, providing comprehensive system observability.",Monitoring Tools,https://www.sysdig.org/,https://youtube.com/results?search_query=linux+sysdig+system+visibility,https://youtube.com/results?search_query=linux+sysdig+system+visibility+hindi,https://youtube.com/results?search_query=linux+sysdig+system+visibility+kannada,https://youtube.com/results?search_query=linux+sysdig+system+visibility+tamil,https://youtube.com/results?search_query=linux+sysdig+system+visibility+telugu
Linux,Advanced,What is the difference between container runtimes runc,crun,and kata containers?,Containers,runc,crun,"Kata Containers,A,runc is reference OCI runtime; crun is faster Rust implementation; kata containers use lightweight VMs for stronger isolation vs namespaces.",Containers,https://opencontainers.org/,https://youtube.com/results?search_query=linux+runc+crun+kata+containers,https://youtube.com/results?search_query=linux+runc+crun+kata+containers+hindi,https://youtube.com/results?search_query=linux+runc+crun+kata+containers+kannada,https://youtube.com/results?search_query=linux+runc+crun+kata+containers+tamil,https://youtube.com/results?search_query=linux+runc+crun+kata+containers+telugu
Linux,Advanced,How does Linux's CRIU (Checkpoint/Restore In Userspace) enable live migration?,Containers,CRIU,Checkpoint Restore,Migration,A,"CRIU checkpoints process state to disk (memory, registers, file descriptors), enabling restoration on same/different host for live migration.",Containers,https://criu.org/Main_Page,https://youtube.com/results?search_query=linux+criu+checkpoint+restore,https://youtube.com/results?search_query=linux+criu+checkpoint+restore+hindi,https://youtube.com/results?search_query=linux+criu+checkpoint+restore+kannada,https://youtube.com/results?search_query=linux+criu+checkpoint+restore+tamil,https://youtube.com/results?search_query=linux+criu+checkpoint+restore+telugu
Linux,Advanced,What is the purpose of Linux's firewalld for dynamic firewall management?,Security,firewalld,Dynamic Firewall,Management,A,"firewalld provides dynamic firewall with zones, services, and rich rules, allowing runtime changes without restart, built on nftables/iptables.",Security,https://firewalld.org/,https://youtube.com/results?search_query=linux+firewalld+dynamic+firewall,https://youtube.com/results?search_query=linux+firewalld+dynamic+firewall+hindi,https://youtube.com/results?search_query=linux+firewalld+dynamic+firewall+kannada,https://youtube.com/results?search_query=linux+firewalld+dynamic+firewall+tamil,https://youtube.com/results?search_query=linux+firewalld+dynamic+firewall+telugu
Linux,Advanced,How does Linux's fail2ban protect against brute-force attacks?,Security,fail2ban,Brute-force Protection,IPS,A,"fail2ban monitors logs for failed authentication attempts, dynamically updates firewall (iptables/nftables) to block attacking IP addresses.",Security,https://www.fail2ban.org/wiki/index.php/Main_Page,https://youtube.com/results?search_query=linux+fail2ban+brute+force+protection,https://youtube.com/results?search_query=linux+fail2ban+brute+force+protection+hindi,https://youtube.com/results?search_query=linux+fail2ban+brute+force+protection+kannada,https://youtube.com/results?search_query=linux+fail2ban+brute+force+protection+tamil,https://youtube.com/results?search_query=linux+fail2ban+brute+force+protection+telugu
Linux,Advanced,What is the difference between SNMP and NetFlow for network monitoring?,Monitoring,SNMP,NetFlow,Network Monitoring,A,"SNMP polls device statistics (counters, gauges); NetFlow exports flow records (source, destination, bytes, packets) for traffic analysis.",Monitoring,https://tools.ietf.org/html/rfc3954,https://youtube.com/results?search_query=linux+snmp+vs+netflow+monitoring,https://youtube.com/results?search_query=linux+snmp+vs+netflow+monitoring+hindi,https://youtube.com/results?search_query=linux+snmp+vs+netflow+monitoring+kannada,https://youtube.com/results?search_query=linux+snmp+vs+netflow+monitoring+tamil,https://youtube.com/results?search_query=linux+snmp+vs+netflow+monitoring+telugu
Linux,Advanced,How does Linux's collectd provide system statistics collection and monitoring?,Monitoring,collectd,Statistics,Collection,A,"collectd gathers system metrics (CPU, memory, disk, network) periodically, supports plugins, and can forward to various backends (Graphite, InfluxDB).",Monitoring,https://collectd.org/,https://youtube.com/results?search_query=linux+collectd+monitoring+statistics,https://youtube.com/results?search_query=linux+collectd+monitoring+statistics+hindi,https://youtube.com/results?search_query=linux+collectd+monitoring+statistics+kannada,https://youtube.com/results?search_query=linux+collectd+monitoring+statistics+tamil,https://youtube.com/results?search_query=linux+collectd+monitoring+statistics+telugu
Linux,Advanced,What is the purpose of Linux's Prometheus for metrics collection and alerting?,Monitoring,Prometheus,Metrics,Alerting,A,"Prometheus pulls metrics from targets, stores time-series data, provides query language (PromQL), and alerting based on defined rules.",Monitoring,https://prometheus.io/,https://youtube.com/results?search_query=linux+prometheus+metrics+alerting,https://youtube.com/results?search_query=linux+prometheus+metrics+alerting+hindi,https://youtube.com/results?search_query=linux+prometheus+metrics+alerting+kannada,https://youtube.com/results?search_query=linux+prometheus+metrics+alerting+tamil,https://youtube.com/results?search_query=linux+prometheus+metrics+alerting+telugu
Linux,Advanced,How does Linux's Grafana visualize metrics from various data sources?,Monitoring,Grafana,Visualization,Dashboards,A,"Grafana provides dashboards for metrics visualization, supporting multiple data sources (Prometheus, Graphite, InfluxDB) with panels, alerts, annotations.",Monitoring,https://grafana.com/,https://youtube.com/results?search_query=linux+grafana+metrics+visualization,https://youtube.com/results?search_query=linux+grafana+metrics+visualization+hindi,https://youtube.com/results?search_query=linux+grafana+metrics+visualization+kannada,https://youtube.com/results?search_query=linux+grafana+metrics+visualization+tamil,https://youtube.com/results?search_query=linux+grafana+metrics+visualization+telugu
Linux,Advanced,What is the difference between container orchestration with Kubernetes and Docker Swarm?,Containers,Kubernetes,Docker Swarm,Orchestration,A,"Kubernetes is comprehensive, complex, feature-rich; Docker Swarm is simpler, integrated with Docker, less features; different tradeoffs for scale/complexity.",Containers,https://kubernetes.io/,https://youtube.com/results?search_query=linux+kubernetes+vs+docker+swarm,https://youtube.com/results?search_query=linux+kubernetes+vs+docker+swarm+hindi,https://youtube.com/results?search_query=linux+kubernetes+vs+docker+swarm+kannada,https://youtube.com/results?search_query=linux+kubernetes+vs+docker+swarm+tamil,https://youtube.com/results?search_query=linux+kubernetes+vs+docker+swarm+telugu
Linux,Advanced,How does Linux's Ansible provide infrastructure as code and configuration management?,Automation,Ansible,Infrastructure as Code,Configuration,A,"Ansible uses YAML playbooks, agentless SSH, idempotent modules for configuration management, provisioning, and orchestration.",Automation,https://www.ansible.com/,https://youtube.com/results?search_query=linux+ansible+infrastructure+as+code,https://youtube.com/results?search_query=linux+ansible+infrastructure+as+code+hindi,https://youtube.com/results?search_query=linux+ansible+infrastructure+as+code+kannada,https://youtube.com/results?search_query=linux+ansible+infrastructure+as+code+tamil,https://youtube.com/results?search_query=linux+ansible+infrastructure+as+code+telugu
Linux,Advanced,What is the purpose of Linux's Terraform for infrastructure provisioning?,Automation,Terraform,Infrastructure Provisioning,IaC,A,"Terraform uses declarative configuration to provision infrastructure across providers (AWS, Azure, GCP) with state management and plan/apply workflow.",Automation,https://www.terraform.io/,https://youtube.com/results?search_query=linux+terraform+infrastructure+provisioning,https://youtube.com/results?search_query=linux+terraform+infrastructure+provisioning+hindi,https://youtube.com/results?search_query=linux+terraform+infrastructure+provisioning+kannada,https://youtube.com/results?search_query=linux+terraform+infrastructure+provisioning+tamil,https://youtube.com/results?search_query=linux+terraform+infrastructure+provisioning+telugu
Linux,Advanced,How does Linux's Packer create machine images for multiple platforms?,Automation,Packer,Machine Images,Provisioning,A,"Packer automates creation of identical machine images for multiple platforms (AWS AMI, Docker, VMware) from single source configuration.",Automation,https://www.packer.io/,https://youtube.com/results?search_query=linux+packer+machine+images,https://youtube.com/results?search_query=linux+packer+machine+images+hindi,https://youtube.com/results?search_query=linux+packer+machine+images+kannada,https://youtube.com/results?search_query=linux+packer+machine+images+tamil,https://youtube.com/results?search_query=linux+packer+machine+images+telugu
Linux,Advanced,What is the difference between virtualization with KVM and containers for isolation?,Virtualization,KVM,Containers,Isolation,A,"KVM provides hardware virtualization (full VMs with separate kernels); containers provide OS-level virtualization (shared kernel, lighter weight).",Virtualization,https://www.linux-kvm.org/page/Main_Page,https://youtube.com/results?search_query=linux+kvm+vs+containers+isolation,https://youtube.com/results?search_query=linux+kvm+vs+containers+isolation+hindi,https://youtube.com/results?search_query=linux+kvm+vs+containers+isolation+kannada,https://youtube.com/results?search_query=linux+kvm+vs+containers+isolation+tamil,https://youtube.com/results?search_query=linux+kvm+vs+containers+isolation+telugu
Linux,Advanced,How does Linux's QEMU provide hardware emulation and virtualization?,Virtualization,QEMU,Emulation,KVM,A,"QEMU emulates various CPU architectures; when used with KVM, provides hardware acceleration via kernel modules for near-native performance.",Virtualization,https://www.qemu.org/,https://youtube.com/results?search_query=linux+qemu+emulation+virtualization,https://youtube.com/results?search_query=linux+qemu+emulation+virtualization+hindi,https://youtube.com/results?search_query=linux+qemu+emulation+virtualization+kannada,https://youtube.com/results?search_query=linux+qemu+emulation+virtualization+tamil,https://youtube.com/results?search_query=linux+qemu+emulation+virtualization+telugu
Linux,Advanced,What is the purpose of Linux's Libvirt for virtualization management?,Virtualization,Libvirt,Management,Abstraction,A,"Libvirt provides stable API for managing multiple hypervisors (KVM, Xen, VMware), with tools like virsh and virt-manager for VM lifecycle management.",Virtualization,https://libvirt.org/,https://youtube.com/results?search_query=linux+libvirt+virtualization+management,https://youtube.com/results?search_query=linux+libvirt+virtualization+management+hindi,https://youtube.com/results?search_query=linux+libvirt+virtualization+management+kannada,https://youtube.com/results?search_query=linux+libvirt+virtualization+management+tamil,https://youtube.com/results?search_query=linux+libvirt+virtualization+management+telugu
Linux,Advanced,How does Linux's SPICE protocol provide remote desktop access to virtual machines?,Virtualization,SPICE,Remote Desktop,VMs,A,"SPICE (Simple Protocol for Independent Computing Environments) provides remote desktop with multimedia support, USB redirection, and compression.",Virtualization,https://www.spice-space.org/,https://youtube.com/results?search_query=linux+spice+remote+desktop+vm,https://youtube.com/results?search_query=linux+spice+remote+desktop+vm+hindi,https://youtube.com/results?search_query=linux+spice+remote+desktop+vm+kannada,https://youtube.com/results?search_query=linux+spice+remote+desktop+vm+tamil,https://youtube.com/results?search_query=linux+spice+remote+desktop+vm+telugu
Linux,Advanced,What is the difference between cloud-init and cloudbase-init for cloud instance initialization?,Cloud,cloud-init,cloudbase-init,Initialization,A,"cloud-init for Linux cloud instances; cloudbase-init for Windows; both handle early initialization (users, SSH keys, packages) from cloud metadata.",Cloud Computing,https://cloud-init.io/,https://youtube.com/results?search_query=linux+cloud-init+instance+initialization,https://youtube.com/results?search_query=linux+cloud-init+instance+initialization+hindi,https://youtube.com/results?search_query=linux+cloud-init+instance+initialization+kannada,https://youtube.com/results?search_query=linux+cloud-init+instance+initialization+tamil,https://youtube.com/results?search_query=linux+cloud-init+instance+initialization+telugu
Linux,Advanced,How does Linux's Open vSwitch provide virtual switching for SDN?,Networking,Open vSwitch,SDN,Virtual Switch,A,"Open vSwitch implements virtual switch with OpenFlow support, tunneling (VXLAN, GRE), QoS, and integration with cloud platforms (OpenStack, Kubernetes).",Networking,https://www.openvswitch.org/,https://youtube.com/results?search_query=linux+open+vswitch+sdn,https://youtube.com/results?search_query=linux+open+vswitch+sdn+hindi,https://youtube.com/results?search_query=linux+open+vswitch+sdn+kannada,https://youtube.com/results?search_query=linux+open+vswitch+sdn+tamil,https://youtube.com/results?search_query=linux+open+vswitch+sdn+telugu
Linux,Advanced,What is the purpose of Linux's DPDK (Data Plane Development Kit) for high-performance networking?,Networking,DPDK,High Performance,Data Plane,A,"DPDK provides userspace libraries and drivers for fast packet processing, bypassing kernel network stack for line-rate applications.",Networking,https://www.dpdk.org/,https://youtube.com/results?search_query=linux+dpdk+high+performance+networking,https://youtube.com/results?search_query=linux+dpdk+high+performance+networking+hindi,https://youtube.com/results?search_query=linux+dpdk+high+performance+networking+kannada,https://youtube.com/results?search_query=linux+dpdk+high+performance+networking+tamil,https://youtube.com/results?search_query=linux+dpdk+high+performance+networking+telugu
Linux,Advanced,How does Linux's SPDK (Storage Performance Development Kit) accelerate storage access?,Storage,SPDK,Performance,NVMe,A,"SPDK provides userspace NVMe driver, lockless queueing, and polled mode for high-performance storage access, bypassing kernel storage stack.",Storage,https://spdk.io/,https://youtube.com/results?search_query=linux+spdk+storage+performance,https://youtube.com/results?search_query=linux+spdk+storage+performance+hindi,https://youtube.com/results?search_query=linux+spdk+storage+performance+kannada,https://youtube.com/results?search_query=linux+spdk+storage+performance+tamil,https://youtube.com/results?search_query=linux+spdk+storage+performance+telugu
Linux,Advanced,What is the difference between Linux's traditional init system and systemd?,System Management,init,systemd,Comparison,A,"init uses sequential scripts in runlevels; systemd uses parallel service startup, dependency tracking, socket activation, and integrated logging.",System Management,https://systemd.io/,https://youtube.com/results?search_query=linux+init+vs+systemd+comparison,https://youtube.com/results?search_query=linux+init+vs+systemd+comparison+hindi,https://youtube.com/results?search_query=linux+init+vs+systemd+comparison+kannada,https://youtube.com/results?search_query=linux+init+vs+systemd+comparison+tamil,https://youtube.com/results?search_query=linux+init+vs+systemd+comparison+telugu
Linux,Advanced,How does Linux's GRUB2 bootloader differ from legacy GRUB?,Boot,GRUB2,Bootloader,Legacy,A,"GRUB2 has modular design, scripting support, themes, better filesystem support, and dynamic configuration; legacy GRUB has static configuration.",Boot Process,https://www.gnu.org/software/grub/,https://youtube.com/results?search_query=linux+grub2+vs+legacy+grub,https://youtube.com/results?search_query=linux+grub2+vs+legacy+grub+hindi,https://youtube.com/results?search_query=linux+grub2+vs+legacy+grub+kannada,https://youtube.com/results?search_query=linux+grub2+vs+legacy+grub+tamil,https://youtube.com/results?search_query=linux+grub2+vs+legacy+grub+telugu
Linux,Advanced,What is the purpose of Linux's initramfs in the boot process?,Boot,initramfs,Ramdisk,Boot Process,A,"initramfs is temporary root filesystem loaded by bootloader containing drivers/tools needed to mount real root filesystem (encryption, RAID, LVM).",Boot Process,https://www.kernel.org/doc/html/latest/filesystems/ramfs-rootfs-initramfs.html,https://youtube.com/results?search_query=linux+initramfs+boot+process,https://youtube.com/results?search_query=linux+initramfs+boot+process+hindi,https://youtube.com/results?search_query=linux+initramfs+boot+process+kannada,https://youtube.com/results?search_query=linux+initramfs+boot+process+tamil,https://youtube.com/results?search_query=linux+initramfs+boot+process+telugu
Linux,Advanced,How does Linux's kexec enable fast reboot without firmware initialization?,Boot,kexec,Fast Reboot,Kernel,A,"kexec loads new kernel into memory and jumps to it without going through firmware (BIOS/UEFI), reducing reboot time for kernel updates.",Boot Process,https://www.kernel.org/doc/html/latest/admin-guide/kernel-parameters.html,https://youtube.com/results?search_query=linux+kexec+fast+reboot,https://youtube.com/results?search_query=linux+kexec+fast+reboot+hindi,https://youtube.com/results?search_query=linux+kexec+fast+reboot+kannada,https://youtube.com/results?search_query=linux+kexec+fast+reboot+tamil,https://youtube.com/results?search_query=linux+kexec+fast+reboot+telugu
Linux,Advanced,What is the difference between Linux's BIOS and UEFI firmware interfaces?,Boot,BIOS,UEFI,Firmware,A,"BIOS uses MBR partitioning, 16-bit code; UEFI uses GPT partitioning, 32/64-bit, secure boot, faster startup, and richer pre-OS environment.",Boot Process,https://www.kernel.org/doc/html/latest/admin-guide/uefi.html,https://youtube.com/results?search_query=linux+bios+vs+uefi+firmware,https://youtube.com/results?search_query=linux+bios+vs+uefi+firmware+hindi,https://youtube.com/results?search_query=linux+bios+vs+uefi+firmware+kannada,https://youtube.com/results?search_query=linux+bios+vs+uefi+firmware+tamil,https://youtube.com/results?search_query=linux+bios+vs+uefi+firmware+telugu
Linux,Advanced,How does Linux's secure boot with UEFI protect against bootkits?,Security,Secure Boot,UEFI,Boot Security,A,"Secure Boot verifies cryptographic signatures of boot components (bootloader, kernel) against trusted certificates, preventing unauthorized code execution.",Security,https://www.kernel.org/doc/html/latest/admin-guide/uefi.html,https://youtube.com/results?search_query=linux+secure+boot+uefi+security,https://youtube.com/results?search_query=linux+secure+boot+uefi+security+hindi,https://youtube.com/results?search_query=linux+secure+boot+uefi+security+kannada,https://youtube.com/results?search_query=linux+secure+boot+uefi+security+tamil,https://youtube.com/results?search_query=linux+secure+boot+uefi+security+telugu
Linux,Advanced,What is the purpose of Linux's TPM (Trusted Platform Module) for hardware security?,Security,TPM,Hardware Security,Trusted Computing,A,"TPM provides secure cryptographic operations (key generation/storage, attestation, sealing) for disk encryption, secure boot, and platform integrity.",Security,https://www.kernel.org/doc/html/latest/security/tpm/index.html,https://youtube.com/results?search_query=linux+tpm+hardware+security,https://youtube.com/results?search_query=linux+tpm+hardware+security+hindi,https://youtube.com/results?search_query=linux+tpm+hardware+security+kannada,https://youtube.com/results?search_query=linux+tpm+hardware+security+tamil,https://youtube.com/results?search_query=linux+tpm+hardware+security+telugu
Linux,Advanced,How does Linux's IMA (Integrity Measurement Architecture) ensure file integrity?,Security,IMA,File Integrity,Measurement,A,"IMA measures file hashes before execution/loading, extends PCRs in TPM, and can enforce policy to prevent unauthorized file modification/execution.",Security,https://sourceforge.net/p/linux-ima/wiki/Home/,https://youtube.com/results?search_query=linux+ima+file+integrity,https://youtube.com/results?search_query=linux+ima+file+integrity+hindi,https://youtube.com/results?search_query=linux+ima+file+integrity+kannada,https://youtube.com/results?search_query=linux+ima+file+integrity+tamil,https://youtube.com/results?search_query=linux+ima+file+integrity+telugu
Linux,Advanced,What is the difference between Linux's EVM (Extended Verification Module) and IMA?,Security,EVM,IMA,Integrity,A,"IMA measures file content; EVM protects file metadata (attributes, xattrs) with HMACs, preventing unauthorized metadata modification.",Security,https://sourceforge.net/p/linux-ima/wiki/Home/,https://youtube.com/results?search_query=linux+evm+vs+ima+integrity,https://youtube.com/results?search_query=linux+evm+vs+ima+integrity+hindi,https://youtube.com/results?search_query=linux+evm+vs+ima+integrity+kannada,https://youtube.com/results?search_query=linux+evm+vs+ima+integrity+tamil,https://youtube.com/results?search_query=linux+evm+vs+ima+integrity+telugu
